processor=tms5200
chirp_hx=0x00, 0x03, 0x0f, 0x28, 0x4c, 0x6c, 0x71, 0x50, 0x25, 0x26, 0x4c, 0x44, 0x1a, 0x32, 0x3b, 0x13, 0x37, 0x1a, 0x25, 0x1f, 0x1d, 0x00, 0x00, 0x00, 0x00, 0x00, 0x00, 0x00, 0x00, 0x00, 0x00, 0x00, 0x00, 0x00, 0x00, 0x00, 0x00, 0x00, 0x00, 0x00, 0x00, 0x00, 0x00, 0x00, 0x00, 0x00, 0x00, 0x00, 0x00, 0x00, 0x00, 0x00
energy=0, 1, 2, 3, 4, 6, 8, 11, 16, 23, 33, 47, 63, 85, 114, 0
pitch_count=64
pitch=0, 14, 15, 16, 17, 18, 19, 20, 21, 22, 23, 24, 25, 26, 27, 28, 29, 30, 31, 32, 34, 36, 38, 40, 41, 43, 45, 48, 49, 51, 54, 55, 57, 60, 62, 64, 68, 72, 74, 76, 81, 85, 87,  90, 96, 99,103, 107, 112, 117, 122, 127, 133, 139, 145, 151, 157, 164, 171, 178, 186, 194, 202, 211
k0=-501, -498, -495, -490, -485, -478, -469, -459,-446, -431, -412, -389, -362, -331, -295, -253, -207, -156, -102, -45, 13, 70, 126, 179, 228, 272, 311, 345, 374, 399, 420, 437
k1=-376, -357, -335, -312, -286, -258, -227, -195, -161, -124, -87, -49, -10,  29,  68, 106, 143, 178, 212, 243, 272, 299, 324, 346, 366, 384, 400, 414, 427, 438, 448, 506
k2=-407, -381, -349, -311, -268, -218, -162, -102, -39, 25, 89, 149, 206, 257, 302, 341
k3=-290, -252, -209, -163, -114, -62, -9, 44, 97, 147, 194, 238, 278, 313, 344, 371
k4=-318, -283, -245, -202, -156, -107, -56, -3, 49, 101, 150, 196, 239, 278, 313, 344
k5=-193, -152, -109, -65, -20,  26, 71, 115, 158, 198, 235, 270, 301, 330, 355, 377
k6=-254, -218, -180, -140, -97, -53, -8, 36, 81, 124, 165, 204, 240, 274, 304, 332
k7=-205, -112, -10, 92, 187, 269, 336, 387
k8=-249, -183, -110, -32, 48, 126, 198, 261
k9=-190, -133, -73, -10, 53, 115, 173, 227

