processor=tms5110
chirp=0, 16, 18, 19, 21, 24, 26, 28, 31, 35, 37, 42, 44, 47, 50, 53, 56, 59, 63, 67, 71, 75, 79, 84, 89, 94, 100, 106, 112, 126, 141, 150
energy=0, 1, 2, 3, 4, 6, 8, 11, 16, 23, 33, 47, 63, 85, 114, 0
pitch_count=32
pitch=0, 15, 16, 17, 19, 21, 22, 25, 26, 29, 32, 36, 40, 42, 46, 50, 55, 60, 64, 68, 72, 76, 80, 84, 86, 93, 101, 110, 120, 132, 144, 159
k0=-501, -498, -497, -495, -493, -491, -488, -482, -478, -474, -469, -464, -459, -452, -445, -437, -412, -380, -339, -288, -227, -158, -81, -1, 80, 157, 226, 287, 337, 379, 411, 436
k1=-328, -303, -274, -244, -211, -175, -138, -99, -59, -18, 24, 64, 105, 143, 180, 215, 248, 278, 306, 331, 354, 374, 392, 408, 422, 435, 445, 455, 463, 470, 476, 506
k2=-441, -387, -333, -279, -225, -171, -117, -63, -9, 45, 98, 152, 206, 260, 314, 368
k3=-328, -273, -217, -161, -106, -50, 5, 61, 116, 172, 228, 283, 339, 394, 450, 506
k4=-328, -282, -235, -189, -142, -96, -50, -3, 43, 90, 136, 182, 229, 275, 322, 368
k5=-256, -212, -168, -123, -79, -35, 10, 54, 98, 143, 187, 232, 276, 320, 365, 409
k6=-308, -260, -212, -164, -117, -69, -21, 27, 75, 122, 170, 218, 266, 314, 361, 409
k7=-256, -161, -66, 29, 124, 219, 314, 409
k8=-256, -176, -96, -15, 65, 146, 226, 307
k9=-205, -132, -59, 14, 87, 160, 234, 307
